d 10
r 2
k 3 3
total 6
s 28 84 53 32 44 38 27 39 89 62
t 54 31 11 34 1 49 25 9 91 51
p 56 84 53 32 88 38 27 39 89 62
num_sources 3 3
resources_at_sources 1 1 1 1 1 1
m 1 1 2
m 2 1 0
m 3 0 2
m 4 0 2
m 5 1 2
m 6 0 2
m 7 1 0
m 8 1 0
m 9 1 0
m 10 1 0
f 1 0.00 17.00 11.00 17.00 4.00 5.00 12.00 10.00 4.00 23.00
f 2 17.00 0.00 8.00 16.00 17.00 14.00 17.00 11.00 13.00 24.00
f 3 11.00 8.00 0.00 24.00 13.00 8.00 21.00 19.00 13.00 32.00
f 4 17.00 16.00 24.00 0.00 17.00 20.00 17.00 11.00 13.00 8.00
f 5 4.00 17.00 13.00 17.00 0.00 9.00 8.00 6.00 4.00 19.00
f 6 5.00 14.00 8.00 20.00 9.00 0.00 17.00 15.00 9.00 28.00
f 7 12.00 17.00 21.00 17.00 8.00 17.00 0.00 6.00 8.00 11.00
f 8 10.00 11.00 19.00 11.00 6.00 15.00 6.00 0.00 6.00 13.00
f 9 4.00 13.00 13.00 13.00 4.00 9.00 8.00 6.00 0.00 19.00
f 10 23.00 24.00 32.00 8.00 19.00 28.00 11.00 13.00 19.00 0.00
c 1 0.00 17.00 11.00 17.00 4.00 5.00 12.00 10.00 4.00 23.00
c 2 17.00 0.00 8.00 16.00 17.00 14.00 17.00 11.00 13.00 24.00
c 3 11.00 8.00 0.00 24.00 13.00 8.00 21.00 19.00 13.00 32.00
c 4 17.00 16.00 24.00 0.00 17.00 20.00 17.00 11.00 13.00 8.00
c 5 4.00 17.00 13.00 17.00 0.00 9.00 8.00 6.00 4.00 19.00
c 6 5.00 14.00 8.00 20.00 9.00 0.00 17.00 15.00 9.00 28.00
c 7 12.00 17.00 21.00 17.00 8.00 17.00 0.00 6.00 8.00 11.00
c 8 10.00 11.00 19.00 11.00 6.00 15.00 6.00 0.00 6.00 13.00
c 9 4.00 13.00 13.00 13.00 4.00 9.00 8.00 6.00 0.00 19.00
c 10 23.00 24.00 32.00 8.00 19.00 28.00 11.00 13.00 19.00 0.00
f_bar 1 10.00 23.00 19.00 23.00 6.00 15.00 6.00 12.00 10.00 15.00
f_bar 2 5.00 12.00 14.00 12.00 5.00 10.00 7.00 5.00 1.00 18.00
f_bar 3 10.00 11.00 19.00 11.00 6.00 15.00 6.00 0.00 6.00 13.00
f_bar 4 15.00 2.00 10.00 14.00 15.00 12.00 15.00 9.00 11.00 22.00
f_bar 5 20.00 3.00 9.00 15.00 20.00 17.00 20.00 14.00 16.00 23.00
f_bar 6 13.00 14.00 22.00 8.00 9.00 18.00 9.00 3.00 9.00 10.00
c_bar 1 10.00 23.00 19.00 23.00 6.00 15.00 6.00 12.00 10.00 15.00
c_bar 2 5.00 12.00 14.00 12.00 5.00 10.00 7.00 5.00 1.00 18.00
c_bar 3 10.00 11.00 19.00 11.00 6.00 15.00 6.00 0.00 6.00 13.00
c_bar 4 15.00 2.00 10.00 14.00 15.00 12.00 15.00 9.00 11.00 22.00
c_bar 5 20.00 3.00 9.00 15.00 20.00 17.00 20.00 14.00 16.00 23.00
c_bar 6 13.00 14.00 22.00 8.00 9.00 18.00 9.00 3.00 9.00 10.00
f_start 1 0.00 11.00 12.00 21.00 26.00 15.00
f_start 2 11.00 0.00 5.00 10.00 15.00 8.00
f_start 3 12.00 5.00 0.00 9.00 14.00 3.00
f_start 4 21.00 10.00 9.00 0.00 5.00 12.00
f_start 5 26.00 15.00 14.00 5.00 0.00 13.00
f_start 6 15.00 8.00 3.00 12.00 13.00 0.00
