d 10
r 2
k 3 3
total 6
s 41 76 24 65 79 49 24 53 42 36
t 51 79 53 60 12 10 16 95 96 4
p 41 76 24 65 79 49 48 53 84 72
num_sources 3 3
resources_at_sources 1 1 1 1 1 1
m 1 1 0
m 2 1 0
m 3 0 2
m 4 0 2
m 5 0 2
m 6 1 0
m 7 1 2
m 8 0 2
m 9 1 2
m 10 1 2
f 1 0.00 19.00 9.00 11.00 27.00 5.00 4.00 7.00 8.00 21.00
f 2 19.00 0.00 10.00 8.00 8.00 24.00 23.00 18.00 11.00 6.00
f 3 9.00 10.00 0.00 6.00 18.00 14.00 13.00 12.00 5.00 12.00
f 4 11.00 8.00 6.00 0.00 16.00 16.00 15.00 10.00 3.00 10.00
f 5 27.00 8.00 18.00 16.00 0.00 32.00 31.00 26.00 19.00 6.00
f 6 5.00 24.00 14.00 16.00 32.00 0.00 3.00 8.00 13.00 26.00
f 7 4.00 23.00 13.00 15.00 31.00 3.00 0.00 5.00 12.00 25.00
f 8 7.00 18.00 12.00 10.00 26.00 8.00 5.00 0.00 7.00 20.00
f 9 8.00 11.00 5.00 3.00 19.00 13.00 12.00 7.00 0.00 13.00
f 10 21.00 6.00 12.00 10.00 6.00 26.00 25.00 20.00 13.00 0.00
c 1 0.00 19.00 9.00 11.00 27.00 5.00 4.00 7.00 8.00 21.00
c 2 19.00 0.00 10.00 8.00 8.00 24.00 23.00 18.00 11.00 6.00
c 3 9.00 10.00 0.00 6.00 18.00 14.00 13.00 12.00 5.00 12.00
c 4 11.00 8.00 6.00 0.00 16.00 16.00 15.00 10.00 3.00 10.00
c 5 27.00 8.00 18.00 16.00 0.00 32.00 31.00 26.00 19.00 6.00
c 6 5.00 24.00 14.00 16.00 32.00 0.00 3.00 8.00 13.00 26.00
c 7 4.00 23.00 13.00 15.00 31.00 3.00 0.00 5.00 12.00 25.00
c 8 7.00 18.00 12.00 10.00 26.00 8.00 5.00 0.00 7.00 20.00
c 9 8.00 11.00 5.00 3.00 19.00 13.00 12.00 7.00 0.00 13.00
c 10 21.00 6.00 12.00 10.00 6.00 26.00 25.00 20.00 13.00 0.00
f_bar 1 12.00 7.00 9.00 3.00 15.00 17.00 16.00 11.00 4.00 9.00
f_bar 2 22.00 3.00 13.00 11.00 9.00 27.00 26.00 21.00 14.00 9.00
f_bar 3 27.00 8.00 18.00 16.00 4.00 32.00 31.00 26.00 19.00 6.00
f_bar 4 18.00 3.00 9.00 7.00 9.00 23.00 22.00 17.00 10.00 3.00
f_bar 5 23.00 4.00 14.00 12.00 6.00 28.00 27.00 22.00 15.00 6.00
f_bar 6 18.00 21.00 13.00 19.00 19.00 17.00 20.00 25.00 18.00 15.00
c_bar 1 12.00 7.00 9.00 3.00 15.00 17.00 16.00 11.00 4.00 9.00
c_bar 2 22.00 3.00 13.00 11.00 9.00 27.00 26.00 21.00 14.00 9.00
c_bar 3 27.00 8.00 18.00 16.00 4.00 32.00 31.00 26.00 19.00 6.00
c_bar 4 18.00 3.00 9.00 7.00 9.00 23.00 22.00 17.00 10.00 3.00
c_bar 5 23.00 4.00 14.00 12.00 6.00 28.00 27.00 22.00 15.00 6.00
c_bar 6 18.00 21.00 13.00 19.00 19.00 17.00 20.00 25.00 18.00 15.00
f_start 1 0.00 10.00 15.00 6.00 11.00 22.00
f_start 2 10.00 0.00 5.00 6.00 3.00 24.00
f_start 3 15.00 5.00 0.00 9.00 4.00 19.00
f_start 4 6.00 6.00 9.00 0.00 5.00 18.00
f_start 5 11.00 3.00 4.00 5.00 0.00 21.00
f_start 6 22.00 24.00 19.00 18.00 21.00 0.00
