d 10
r 2
k 3 3
total 6
s 20 33 29 20 30 40 86 33 29 26
t 68 21 51 36 82 26 6 77 44 38
p 20 33 29 20 30 80 86 33 58 52
num_sources 3 3
resources_at_sources 1 1 1 1 1 1
m 1 1 0
m 2 1 0
m 3 0 2
m 4 0 2
m 5 0 2
m 6 1 2
m 7 1 0
m 8 0 2
m 9 1 2
m 10 1 2
f 1 0.00 21.00 18.00 21.00 16.00 14.00 26.00 23.00 10.00 18.00
f 2 21.00 0.00 3.00 2.00 11.00 21.00 5.00 2.00 11.00 5.00
f 3 18.00 3.00 0.00 3.00 12.00 22.00 8.00 5.00 8.00 6.00
f 4 21.00 2.00 3.00 0.00 13.00 23.00 5.00 2.00 11.00 7.00
f 5 16.00 11.00 12.00 13.00 0.00 10.00 14.00 11.00 8.00 6.00
f 6 14.00 21.00 22.00 23.00 10.00 0.00 24.00 21.00 18.00 16.00
f 7 26.00 5.00 8.00 5.00 14.00 24.00 0.00 3.00 16.00 8.00
f 8 23.00 2.00 5.00 2.00 11.00 21.00 3.00 0.00 13.00 5.00
f 9 10.00 11.00 8.00 11.00 8.00 18.00 16.00 13.00 0.00 8.00
f 10 18.00 5.00 6.00 7.00 6.00 16.00 8.00 5.00 8.00 0.00
c 1 0.00 21.00 18.00 21.00 16.00 14.00 26.00 23.00 10.00 18.00
c 2 21.00 0.00 3.00 2.00 11.00 21.00 5.00 2.00 11.00 5.00
c 3 18.00 3.00 0.00 3.00 12.00 22.00 8.00 5.00 8.00 6.00
c 4 21.00 2.00 3.00 0.00 13.00 23.00 5.00 2.00 11.00 7.00
c 5 16.00 11.00 12.00 13.00 0.00 10.00 14.00 11.00 8.00 6.00
c 6 14.00 21.00 22.00 23.00 10.00 0.00 24.00 21.00 18.00 16.00
c 7 26.00 5.00 8.00 5.00 14.00 24.00 0.00 3.00 16.00 8.00
c 8 23.00 2.00 5.00 2.00 11.00 21.00 3.00 0.00 13.00 5.00
c 9 10.00 11.00 8.00 11.00 8.00 18.00 16.00 13.00 0.00 8.00
c 10 18.00 5.00 6.00 7.00 6.00 16.00 8.00 5.00 8.00 0.00
f_bar 1 6.00 15.00 12.00 15.00 10.00 16.00 20.00 17.00 4.00 12.00
f_bar 2 22.00 5.00 6.00 7.00 6.00 16.00 8.00 5.00 12.00 4.00
f_bar 3 19.00 8.00 7.00 6.00 19.00 29.00 7.00 8.00 11.00 13.00
f_bar 4 14.00 7.00 6.00 7.00 18.00 28.00 12.00 9.00 10.00 12.00
f_bar 5 27.00 6.00 9.00 6.00 11.00 17.00 7.00 4.00 17.00 9.00
f_bar 6 25.00 4.00 7.00 4.00 15.00 25.00 1.00 4.00 15.00 9.00
c_bar 1 6.00 15.00 12.00 15.00 10.00 16.00 20.00 17.00 4.00 12.00
c_bar 2 22.00 5.00 6.00 7.00 6.00 16.00 8.00 5.00 12.00 4.00
c_bar 3 19.00 8.00 7.00 6.00 19.00 29.00 7.00 8.00 11.00 13.00
c_bar 4 14.00 7.00 6.00 7.00 18.00 28.00 12.00 9.00 10.00 12.00
c_bar 5 27.00 6.00 9.00 6.00 11.00 17.00 7.00 4.00 17.00 9.00
c_bar 6 25.00 4.00 7.00 4.00 15.00 25.00 1.00 4.00 15.00 9.00
f_start 1 0.00 16.00 13.00 12.00 21.00 19.00
f_start 2 16.00 0.00 13.00 12.00 5.00 9.00
f_start 3 13.00 13.00 0.00 5.00 12.00 6.00
f_start 4 12.00 12.00 5.00 0.00 13.00 11.00
f_start 5 21.00 5.00 12.00 13.00 0.00 8.00
f_start 6 19.00 9.00 6.00 11.00 8.00 0.00
