d 10
r 2
k 3 3
total 6
s 73 60 31 30 69 114 53 49 31 25
t 64 94 28 20 4 66 30 17 97 67
p 73 60 31 60 69 114 53 49 62 25
num_sources 3 3
resources_at_sources 1 1 1 1 1 1
m 1 0 2
m 2 0 2
m 3 0 2
m 4 1 2
m 5 0 2
m 6 1 0
m 7 1 0
m 8 0 2
m 9 1 2
m 10 1 0
f 1 0.00 28.00 12.00 22.00 19.00 28.00 14.00 20.00 18.00 4.00
f 2 28.00 0.00 18.00 6.00 9.00 4.00 16.00 14.00 10.00 26.00
f 3 12.00 18.00 0.00 12.00 11.00 18.00 20.00 18.00 8.00 16.00
f 4 22.00 6.00 12.00 0.00 9.00 6.00 18.00 16.00 4.00 20.00
f 5 19.00 9.00 11.00 9.00 0.00 9.00 9.00 7.00 11.00 17.00
f 6 28.00 4.00 18.00 6.00 9.00 0.00 14.00 10.00 10.00 26.00
f 7 14.00 16.00 20.00 18.00 9.00 14.00 0.00 6.00 20.00 12.00
f 8 20.00 14.00 18.00 16.00 7.00 10.00 6.00 0.00 18.00 18.00
f 9 18.00 10.00 8.00 4.00 11.00 10.00 20.00 18.00 0.00 16.00
f 10 4.00 26.00 16.00 20.00 17.00 26.00 12.00 18.00 16.00 0.00
c 1 0.00 28.00 12.00 22.00 19.00 28.00 14.00 20.00 18.00 4.00
c 2 28.00 0.00 18.00 6.00 9.00 4.00 16.00 14.00 10.00 26.00
c 3 12.00 18.00 0.00 12.00 11.00 18.00 20.00 18.00 8.00 16.00
c 4 22.00 6.00 12.00 0.00 9.00 6.00 18.00 16.00 4.00 20.00
c 5 19.00 9.00 11.00 9.00 0.00 9.00 9.00 7.00 11.00 17.00
c 6 28.00 4.00 18.00 6.00 9.00 0.00 14.00 10.00 10.00 26.00
c 7 14.00 16.00 20.00 18.00 9.00 14.00 0.00 6.00 20.00 12.00
c 8 20.00 14.00 18.00 16.00 7.00 10.00 6.00 0.00 18.00 18.00
c 9 18.00 10.00 8.00 4.00 11.00 10.00 20.00 18.00 0.00 16.00
c 10 4.00 26.00 16.00 20.00 17.00 26.00 12.00 18.00 16.00 0.00
f_bar 1 27.00 5.00 17.00 7.00 8.00 1.00 13.00 9.00 9.00 25.00
f_bar 2 18.00 12.00 16.00 14.00 5.00 10.00 4.00 2.00 16.00 16.00
f_bar 3 7.00 21.00 11.00 15.00 12.00 21.00 9.00 13.00 11.00 5.00
f_bar 4 15.00 13.00 5.00 7.00 8.00 13.00 17.00 15.00 3.00 13.00
f_bar 5 19.00 9.00 13.00 11.00 2.00 9.00 7.00 5.00 13.00 17.00
f_bar 6 14.00 22.00 26.00 24.00 15.00 18.00 6.00 8.00 26.00 10.00
c_bar 1 27.00 5.00 17.00 7.00 8.00 1.00 13.00 9.00 9.00 25.00
c_bar 2 18.00 12.00 16.00 14.00 5.00 10.00 4.00 2.00 16.00 16.00
c_bar 3 7.00 21.00 11.00 15.00 12.00 21.00 9.00 13.00 11.00 5.00
c_bar 4 15.00 13.00 5.00 7.00 8.00 13.00 17.00 15.00 3.00 13.00
c_bar 5 19.00 9.00 13.00 11.00 2.00 9.00 7.00 5.00 13.00 17.00
c_bar 6 14.00 22.00 26.00 24.00 15.00 18.00 6.00 8.00 26.00 10.00
f_start 1 0.00 9.00 20.00 12.00 8.00 17.00
f_start 2 9.00 0.00 11.00 13.00 3.00 10.00
f_start 3 20.00 11.00 0.00 8.00 12.00 15.00
f_start 4 12.00 13.00 8.00 0.00 10.00 23.00
f_start 5 8.00 3.00 12.00 10.00 0.00 13.00
f_start 6 17.00 10.00 15.00 23.00 13.00 0.00
