d 10
r 2
k 3 3
total 6
s 53 38 59 21 47 89 31 32 44 52
t 14 45 94 48 55 75 34 0 46 75
p 53 76 59 21 47 89 62 32 88 52
num_sources 3 3
resources_at_sources 1 1 1 1 1 1
m 1 1 0
m 2 1 2
m 3 0 2
m 4 1 0
m 5 1 0
m 6 0 2
m 7 1 2
m 8 0 2
m 9 1 2
m 10 0 2
f 1 0.00 18.00 20.00 3.00 21.00 10.00 10.00 17.00 9.00 21.00
f 2 18.00 0.00 14.00 15.00 7.00 24.00 14.00 13.00 9.00 7.00
f 3 20.00 14.00 0.00 17.00 21.00 10.00 16.00 3.00 11.00 7.00
f 4 3.00 15.00 17.00 0.00 18.00 13.00 7.00 14.00 6.00 18.00
f 5 21.00 7.00 21.00 18.00 0.00 31.00 13.00 20.00 14.00 14.00
f 6 10.00 24.00 10.00 13.00 31.00 0.00 20.00 11.00 17.00 17.00
f 7 10.00 14.00 16.00 7.00 13.00 20.00 0.00 13.00 5.00 17.00
f 8 17.00 13.00 3.00 14.00 20.00 11.00 13.00 0.00 8.00 6.00
f 9 9.00 9.00 11.00 6.00 14.00 17.00 5.00 8.00 0.00 12.00
f 10 21.00 7.00 7.00 18.00 14.00 17.00 17.00 6.00 12.00 0.00
c 1 0.00 18.00 20.00 3.00 21.00 10.00 10.00 17.00 9.00 21.00
c 2 18.00 0.00 14.00 15.00 7.00 24.00 14.00 13.00 9.00 7.00
c 3 20.00 14.00 0.00 17.00 21.00 10.00 16.00 3.00 11.00 7.00
c 4 3.00 15.00 17.00 0.00 18.00 13.00 7.00 14.00 6.00 18.00
c 5 21.00 7.00 21.00 18.00 0.00 31.00 13.00 20.00 14.00 14.00
c 6 10.00 24.00 10.00 13.00 31.00 0.00 20.00 11.00 17.00 17.00
c 7 10.00 14.00 16.00 7.00 13.00 20.00 0.00 13.00 5.00 17.00
c 8 17.00 13.00 3.00 14.00 20.00 11.00 13.00 0.00 8.00 6.00
c 9 9.00 9.00 11.00 6.00 14.00 17.00 5.00 8.00 0.00 12.00
c 10 21.00 7.00 7.00 18.00 14.00 17.00 17.00 6.00 12.00 0.00
f_bar 1 9.00 9.00 11.00 6.00 14.00 17.00 5.00 8.00 0.00 12.00
f_bar 2 24.00 6.00 14.00 21.00 7.00 24.00 20.00 13.00 15.00 7.00
f_bar 3 10.00 16.00 10.00 7.00 23.00 8.00 12.00 7.00 9.00 11.00
f_bar 4 14.00 12.00 14.00 11.00 11.00 24.00 4.00 13.00 7.00 15.00
f_bar 5 12.00 14.00 16.00 9.00 13.00 22.00 2.00 13.00 5.00 17.00
f_bar 6 10.00 8.00 10.00 7.00 13.00 18.00 6.00 7.00 1.00 11.00
c_bar 1 9.00 9.00 11.00 6.00 14.00 17.00 5.00 8.00 0.00 12.00
c_bar 2 24.00 6.00 14.00 21.00 7.00 24.00 20.00 13.00 15.00 7.00
c_bar 3 10.00 16.00 10.00 7.00 23.00 8.00 12.00 7.00 9.00 11.00
c_bar 4 14.00 12.00 14.00 11.00 11.00 24.00 4.00 13.00 7.00 15.00
c_bar 5 12.00 14.00 16.00 9.00 13.00 22.00 2.00 13.00 5.00 17.00
c_bar 6 10.00 8.00 10.00 7.00 13.00 18.00 6.00 7.00 1.00 11.00
f_start 1 0.00 15.00 9.00 7.00 5.00 1.00
f_start 2 15.00 0.00 16.00 18.00 20.00 14.00
f_start 3 9.00 16.00 0.00 16.00 14.00 10.00
f_start 4 7.00 18.00 16.00 0.00 2.00 6.00
f_start 5 5.00 20.00 14.00 2.00 0.00 6.00
f_start 6 1.00 14.00 10.00 6.00 6.00 0.00
