d 10
r 2
k 3 3
total 6
s 61 66 63 87 81 39 25 77 31 31
t 65 13 70 29 88 82 7 94 80 61
p 122 66 126 174 81 39 25 77 62 31
num_sources 3 3
resources_at_sources 1 1 1 1 1 1
m 1 1 2
m 2 1 0
m 3 1 2
m 4 1 2
m 5 0 2
m 6 0 2
m 7 1 0
m 8 0 2
m 9 1 2
m 10 0 2
f 1 0.00 16.00 12.00 16.00 16.00 16.00 16.00 6.00 19.00 16.00
f 2 16.00 0.00 10.00 6.00 18.00 8.00 12.00 10.00 13.00 14.00
f 3 12.00 10.00 0.00 16.00 18.00 18.00 18.00 6.00 21.00 18.00
f 4 16.00 6.00 16.00 0.00 18.00 6.00 12.00 10.00 13.00 14.00
f 5 16.00 18.00 18.00 18.00 0.00 12.00 6.00 12.00 5.00 4.00
f 6 16.00 8.00 18.00 6.00 12.00 0.00 6.00 12.00 7.00 8.00
f 7 16.00 12.00 18.00 12.00 6.00 6.00 0.00 12.00 3.00 2.00
f 8 6.00 10.00 6.00 10.00 12.00 12.00 12.00 0.00 15.00 12.00
f 9 19.00 13.00 21.00 13.00 5.00 7.00 3.00 15.00 0.00 3.00
f 10 16.00 14.00 18.00 14.00 4.00 8.00 2.00 12.00 3.00 0.00
c 1 0.00 16.00 12.00 16.00 16.00 16.00 16.00 6.00 19.00 16.00
c 2 16.00 0.00 10.00 6.00 18.00 8.00 12.00 10.00 13.00 14.00
c 3 12.00 10.00 0.00 16.00 18.00 18.00 18.00 6.00 21.00 18.00
c 4 16.00 6.00 16.00 0.00 18.00 6.00 12.00 10.00 13.00 14.00
c 5 16.00 18.00 18.00 18.00 0.00 12.00 6.00 12.00 5.00 4.00
c 6 16.00 8.00 18.00 6.00 12.00 0.00 6.00 12.00 7.00 8.00
c 7 16.00 12.00 18.00 12.00 6.00 6.00 0.00 12.00 3.00 2.00
c 8 6.00 10.00 6.00 10.00 12.00 12.00 12.00 0.00 15.00 12.00
c 9 19.00 13.00 21.00 13.00 5.00 7.00 3.00 15.00 0.00 3.00
c 10 16.00 14.00 18.00 14.00 4.00 8.00 2.00 12.00 3.00 0.00
f_bar 1 18.00 20.00 20.00 20.00 2.00 14.00 8.00 14.00 7.00 6.00
f_bar 2 7.00 23.00 19.00 23.00 9.00 17.00 11.00 13.00 12.00 9.00
f_bar 3 3.00 19.00 15.00 19.00 17.00 17.00 17.00 9.00 20.00 17.00
f_bar 4 14.00 30.00 26.00 30.00 12.00 24.00 18.00 20.00 17.00 16.00
f_bar 5 9.00 23.00 19.00 23.00 7.00 17.00 11.00 13.00 10.00 9.00
f_bar 6 3.00 17.00 13.00 17.00 19.00 19.00 19.00 7.00 22.00 19.00
c_bar 1 18.00 20.00 20.00 20.00 2.00 14.00 8.00 14.00 7.00 6.00
c_bar 2 7.00 23.00 19.00 23.00 9.00 17.00 11.00 13.00 12.00 9.00
c_bar 3 3.00 19.00 15.00 19.00 17.00 17.00 17.00 9.00 20.00 17.00
c_bar 4 14.00 30.00 26.00 30.00 12.00 24.00 18.00 20.00 17.00 16.00
c_bar 5 9.00 23.00 19.00 23.00 7.00 17.00 11.00 13.00 10.00 9.00
c_bar 6 3.00 17.00 13.00 17.00 19.00 19.00 19.00 7.00 22.00 19.00
f_start 1 0.00 11.00 19.00 10.00 9.00 21.00
f_start 2 11.00 0.00 8.00 7.00 2.00 10.00
f_start 3 19.00 8.00 0.00 11.00 10.00 2.00
f_start 4 10.00 7.00 11.00 0.00 7.00 13.00
f_start 5 9.00 2.00 10.00 7.00 0.00 12.00
f_start 6 21.00 10.00 2.00 13.00 12.00 0.00
