d 10
r 2
k 3 3
total 6
s 27 113 22 52 83 69 61 30 47 29
t 94 40 79 16 41 50 38 5 78 18
p 27 113 22 104 166 138 122 60 47 58
num_sources 3 3
resources_at_sources 1 1 1 1 1 1
m 1 1 0
m 2 1 0
m 3 1 0
m 4 1 2
m 5 1 2
m 6 1 2
m 7 1 2
m 8 1 2
m 9 1 0
m 10 1 2
f 1 0.00 8.00 9.00 9.00 12.00 6.00 11.00 9.00 14.00 13.00
f 2 8.00 0.00 11.00 11.00 18.00 14.00 19.00 15.00 22.00 21.00
f 3 9.00 11.00 0.00 18.00 21.00 15.00 18.00 18.00 11.00 12.00
f 4 9.00 11.00 18.00 0.00 17.00 13.00 18.00 14.00 21.00 20.00
f 5 12.00 18.00 21.00 17.00 0.00 6.00 3.00 3.00 10.00 9.00
f 6 6.00 14.00 15.00 13.00 6.00 0.00 5.00 3.00 8.00 7.00
f 7 11.00 19.00 18.00 18.00 3.00 5.00 0.00 4.00 7.00 6.00
f 8 9.00 15.00 18.00 14.00 3.00 3.00 4.00 0.00 7.00 6.00
f 9 14.00 22.00 11.00 21.00 10.00 8.00 7.00 7.00 0.00 1.00
f 10 13.00 21.00 12.00 20.00 9.00 7.00 6.00 6.00 1.00 0.00
c 1 0.00 8.00 9.00 9.00 12.00 6.00 11.00 9.00 14.00 13.00
c 2 8.00 0.00 11.00 11.00 18.00 14.00 19.00 15.00 22.00 21.00
c 3 9.00 11.00 0.00 18.00 21.00 15.00 18.00 18.00 11.00 12.00
c 4 9.00 11.00 18.00 0.00 17.00 13.00 18.00 14.00 21.00 20.00
c 5 12.00 18.00 21.00 17.00 0.00 6.00 3.00 3.00 10.00 9.00
c 6 6.00 14.00 15.00 13.00 6.00 0.00 5.00 3.00 8.00 7.00
c 7 11.00 19.00 18.00 18.00 3.00 5.00 0.00 4.00 7.00 6.00
c 8 9.00 15.00 18.00 14.00 3.00 3.00 4.00 0.00 7.00 6.00
c 9 14.00 22.00 11.00 21.00 10.00 8.00 7.00 7.00 0.00 1.00
c 10 13.00 21.00 12.00 20.00 9.00 7.00 6.00 6.00 1.00 0.00
f_bar 1 8.00 12.00 17.00 11.00 6.00 2.00 7.00 3.00 10.00 9.00
f_bar 2 5.00 5.00 6.00 14.00 17.00 11.00 14.00 14.00 17.00 16.00
f_bar 3 10.00 10.00 1.00 19.00 22.00 16.00 19.00 19.00 12.00 13.00
f_bar 4 14.00 6.00 17.00 7.00 24.00 20.00 25.00 21.00 28.00 27.00
f_bar 5 16.00 18.00 25.00 9.00 8.00 10.00 9.00 7.00 14.00 13.00
f_bar 6 6.00 12.00 3.00 15.00 18.00 12.00 15.00 15.00 10.00 9.00
c_bar 1 8.00 12.00 17.00 11.00 6.00 2.00 7.00 3.00 10.00 9.00
c_bar 2 5.00 5.00 6.00 14.00 17.00 11.00 14.00 14.00 17.00 16.00
c_bar 3 10.00 10.00 1.00 19.00 22.00 16.00 19.00 19.00 12.00 13.00
c_bar 4 14.00 6.00 17.00 7.00 24.00 20.00 25.00 21.00 28.00 27.00
c_bar 5 16.00 18.00 25.00 9.00 8.00 10.00 9.00 7.00 14.00 13.00
c_bar 6 6.00 12.00 3.00 15.00 18.00 12.00 15.00 15.00 10.00 9.00
f_start 1 0.00 13.00 18.00 18.00 8.00 14.00
f_start 2 13.00 0.00 5.00 11.00 21.00 7.00
f_start 3 18.00 5.00 0.00 16.00 26.00 4.00
f_start 4 18.00 11.00 16.00 0.00 16.00 18.00
f_start 5 8.00 21.00 26.00 16.00 0.00 22.00
f_start 6 14.00 7.00 4.00 18.00 22.00 0.00
