d 10
r 2
k 3 3
total 6
s 38 34 82 37 36 79 50 50 44 54
t 40 54 97 13 34 69 38 33 78 14
p 38 34 164 37 36 79 50 50 44 108
num_sources 3 3
resources_at_sources 1 1 1 1 1 1
m 1 1 0
m 2 0 2
m 3 1 2
m 4 0 2
m 5 1 0
m 6 0 2
m 7 0 2
m 8 0 2
m 9 1 0
m 10 1 2
f 1 0.00 13.00 21.00 14.00 8.00 17.00 17.00 2.00 23.00 4.00
f 2 13.00 0.00 8.00 5.00 7.00 12.00 24.00 15.00 10.00 17.00
f 3 21.00 8.00 0.00 7.00 13.00 4.00 16.00 23.00 2.00 25.00
f 4 14.00 5.00 7.00 0.00 6.00 7.00 19.00 16.00 9.00 18.00
f 5 8.00 7.00 13.00 6.00 0.00 9.00 17.00 10.00 15.00 12.00
f 6 17.00 12.00 4.00 7.00 9.00 0.00 12.00 19.00 6.00 21.00
f 7 17.00 24.00 16.00 19.00 17.00 12.00 0.00 17.00 16.00 19.00
f 8 2.00 15.00 23.00 16.00 10.00 19.00 17.00 0.00 25.00 2.00
f 9 23.00 10.00 2.00 9.00 15.00 6.00 16.00 25.00 0.00 27.00
f 10 4.00 17.00 25.00 18.00 12.00 21.00 19.00 2.00 27.00 0.00
c 1 0.00 13.00 21.00 14.00 8.00 17.00 17.00 2.00 23.00 4.00
c 2 13.00 0.00 8.00 5.00 7.00 12.00 24.00 15.00 10.00 17.00
c 3 21.00 8.00 0.00 7.00 13.00 4.00 16.00 23.00 2.00 25.00
c 4 14.00 5.00 7.00 0.00 6.00 7.00 19.00 16.00 9.00 18.00
c 5 8.00 7.00 13.00 6.00 0.00 9.00 17.00 10.00 15.00 12.00
c 6 17.00 12.00 4.00 7.00 9.00 0.00 12.00 19.00 6.00 21.00
c 7 17.00 24.00 16.00 19.00 17.00 12.00 0.00 17.00 16.00 19.00
c 8 2.00 15.00 23.00 16.00 10.00 19.00 17.00 0.00 25.00 2.00
c 9 23.00 10.00 2.00 9.00 15.00 6.00 16.00 25.00 0.00 27.00
c 10 4.00 17.00 25.00 18.00 12.00 21.00 19.00 2.00 27.00 0.00
f_bar 1 11.00 2.00 10.00 7.00 9.00 14.00 26.00 13.00 12.00 15.00
f_bar 2 17.00 8.00 4.00 3.00 9.00 4.00 16.00 19.00 6.00 21.00
f_bar 3 15.00 22.00 14.00 17.00 15.00 10.00 2.00 15.00 14.00 17.00
f_bar 4 7.00 10.00 14.00 7.00 3.00 10.00 14.00 9.00 16.00 11.00
f_bar 5 9.00 8.00 12.00 5.00 1.00 8.00 16.00 11.00 14.00 13.00
f_bar 6 22.00 13.00 5.00 8.00 14.00 5.00 11.00 24.00 5.00 26.00
c_bar 1 11.00 2.00 10.00 7.00 9.00 14.00 26.00 13.00 12.00 15.00
c_bar 2 17.00 8.00 4.00 3.00 9.00 4.00 16.00 19.00 6.00 21.00
c_bar 3 15.00 22.00 14.00 17.00 15.00 10.00 2.00 15.00 14.00 17.00
c_bar 4 7.00 10.00 14.00 7.00 3.00 10.00 14.00 9.00 16.00 11.00
c_bar 5 9.00 8.00 12.00 5.00 1.00 8.00 16.00 11.00 14.00 13.00
c_bar 6 22.00 13.00 5.00 8.00 14.00 5.00 11.00 24.00 5.00 26.00
f_start 1 0.00 10.00 24.00 12.00 10.00 15.00
f_start 2 10.00 0.00 14.00 10.00 8.00 5.00
f_start 3 24.00 14.00 0.00 12.00 14.00 9.00
f_start 4 12.00 10.00 12.00 0.00 2.00 15.00
f_start 5 10.00 8.00 14.00 2.00 0.00 13.00
f_start 6 15.00 5.00 9.00 15.00 13.00 0.00
