d 10
r 2
k 3 3
total 6
s 81 102 37 52 74 58 73 23 36 26
t 20 38 20 39 27 57 69 36 41 21
p 162 204 37 52 148 58 73 23 36 26
num_sources 3 3
resources_at_sources 1 1 1 1 1 1
m 1 1 2
m 2 1 2
m 3 0 2
m 4 1 0
m 5 1 2
m 6 1 0
m 7 0 2
m 8 0 2
m 9 0 2
m 10 0 2
f 1 0.00 15.00 13.00 16.00 13.00 18.00 15.00 9.00 13.00 11.00
f 2 15.00 0.00 2.00 21.00 2.00 7.00 20.00 6.00 4.00 10.00
f 3 13.00 2.00 0.00 21.00 2.00 7.00 20.00 4.00 4.00 8.00
f 4 16.00 21.00 21.00 0.00 23.00 14.00 7.00 21.00 25.00 27.00
f 5 13.00 2.00 2.00 23.00 0.00 9.00 22.00 4.00 2.00 8.00
f 6 18.00 7.00 7.00 14.00 9.00 0.00 13.00 9.00 11.00 13.00
f 7 15.00 20.00 20.00 7.00 22.00 13.00 0.00 20.00 24.00 26.00
f 8 9.00 6.00 4.00 21.00 4.00 9.00 20.00 0.00 4.00 6.00
f 9 13.00 4.00 4.00 25.00 2.00 11.00 24.00 4.00 0.00 8.00
f 10 11.00 10.00 8.00 27.00 8.00 13.00 26.00 6.00 8.00 0.00
c 1 0.00 15.00 13.00 16.00 13.00 18.00 15.00 9.00 13.00 11.00
c 2 15.00 0.00 2.00 21.00 2.00 7.00 20.00 6.00 4.00 10.00
c 3 13.00 2.00 0.00 21.00 2.00 7.00 20.00 4.00 4.00 8.00
c 4 16.00 21.00 21.00 0.00 23.00 14.00 7.00 21.00 25.00 27.00
c 5 13.00 2.00 2.00 23.00 0.00 9.00 22.00 4.00 2.00 8.00
c 6 18.00 7.00 7.00 14.00 9.00 0.00 13.00 9.00 11.00 13.00
c 7 15.00 20.00 20.00 7.00 22.00 13.00 0.00 20.00 24.00 26.00
c 8 9.00 6.00 4.00 21.00 4.00 9.00 20.00 0.00 4.00 6.00
c 9 13.00 4.00 4.00 25.00 2.00 11.00 24.00 4.00 0.00 8.00
c 10 11.00 10.00 8.00 27.00 8.00 13.00 26.00 6.00 8.00 0.00
f_bar 1 13.00 18.00 18.00 13.00 20.00 17.00 6.00 18.00 22.00 24.00
f_bar 2 13.00 12.00 12.00 9.00 14.00 5.00 8.00 12.00 16.00 18.00
f_bar 3 23.00 8.00 10.00 13.00 10.00 5.00 16.00 14.00 12.00 18.00
f_bar 4 12.00 9.00 7.00 28.00 7.00 14.00 27.00 7.00 7.00 1.00
f_bar 5 20.00 5.00 7.00 16.00 7.00 2.00 15.00 11.00 9.00 15.00
f_bar 6 13.00 8.00 8.00 29.00 6.00 15.00 28.00 8.00 6.00 2.00
c_bar 1 13.00 18.00 18.00 13.00 20.00 17.00 6.00 18.00 22.00 24.00
c_bar 2 13.00 12.00 12.00 9.00 14.00 5.00 8.00 12.00 16.00 18.00
c_bar 3 23.00 8.00 10.00 13.00 10.00 5.00 16.00 14.00 12.00 18.00
c_bar 4 12.00 9.00 7.00 28.00 7.00 14.00 27.00 7.00 7.00 1.00
c_bar 5 20.00 5.00 7.00 16.00 7.00 2.00 15.00 11.00 9.00 15.00
c_bar 6 13.00 8.00 8.00 29.00 6.00 15.00 28.00 8.00 6.00 2.00
f_start 1 0.00 12.00 22.00 25.00 19.00 26.00
f_start 2 12.00 0.00 10.00 19.00 7.00 20.00
f_start 3 22.00 10.00 0.00 17.00 3.00 16.00
f_start 4 25.00 19.00 17.00 0.00 14.00 1.00
f_start 5 19.00 7.00 3.00 14.00 0.00 13.00
f_start 6 26.00 20.00 16.00 1.00 13.00 0.00
